NAME : pairopt
TYPE : ACVRP
DIMENSION : 12
EDGE_WEIGHT_TYPE : EXPLICIT
EDGE_WEIGHT_FORMAT : FULL_MATRIX
CAPACITY : 11997
VEHICLES : 2
EDGE_WEIGHT_SECTION
100000 -100000 -100000 100000 100000 100000 100000 100000 100000 100000 100000 100000 
100000 100000 1000000 4382 3615 3539 3312 3210 3012 4156 4062 4117 
100000 1000000 100000 -379 2526 2206 2731 2339 2954 58 515 2237 
0 0 0 100000 2696 2380 2906 2516 3131 171 633 2386 
0 0 0 2696 100000 233 239 354 477 2465 748 422 
0 0 0 2380 233 100000 378 254 575 2140 682 420 
0 0 0 2906 239 378 100000 310 241 2661 996 659 
0 0 0 2516 354 254 310 100000 1210 2263 1464 1406 
0 0 0 3131 477 575 241 1210 100000 2878 2370 2061 
0 0 0 171 2465 2140 2661 2263 2878 100000 466 2200 
0 0 0 633 748 682 996 1464 2370 466 100000 466 
0 0 0 2386 422 420 659 1406 2061 2200 466 100000 
DEMAND_SECTION
1 0
2 0
3 0
4 991
5 977
6 977
7 394
8 531
9 224
10 3966
11 3966
12 3966
DEPOT_SECTION
1
EOF