NAME : amtsp
TYPE : ATSP
DIMENSION : 13
EDGE_WEIGHT_TYPE : EXPLICIT
EDGE_WEIGHT_FORMAT : FULL_MATRIX
EDGE_WEIGHT_SECTION
100000 -100000 100000 100000 100000 100000 100000 100000 100000 100000 100000 100000 100000 
100000 100000 4058 -99 1651 1572 538 1640 1871 3183 3345 3605 3469 
0 0 100000 4341 3695 3440 3326 3285 3237 633 624 425 424 
0 0 4341 100000 1 159 747 926 2381 3501 3713 3948 3761 
0 0 3695 1 100000 -239 529 709 2180 2903 3162 3362 3134 
0 0 3440 159 -239 100000 293 497 1831 2611 2847 3064 2863 
0 0 3326 747 529 293 100000 -295 417 2451 2629 2880 2736 
0 0 3285 926 709 497 -295 100000 213 2397 2523 2795 2698 
0 0 3237 2381 2180 1831 417 213 100000 2355 2416 2705 2664 
0 0 633 3501 2903 2611 2451 2397 2355 100000 -265 -191 -292 
0 0 624 3713 3162 2847 2629 2523 2416 -265 100000 -300 -171 
0 0 425 3948 3362 3064 2880 2795 2705 -191 -300 100000 -266 
0 0 424 3761 3134 2863 2736 2698 2664 -292 -171 -266 100000 
