NAME : amtsp
TYPE : ATSP
DIMENSION : 17
EDGE_WEIGHT_TYPE : EXPLICIT
EDGE_WEIGHT_FORMAT : FULL_MATRIX
EDGE_WEIGHT_SECTION
100000 -100000 100000 100000 100000 100000 100000 100000 100000 100000 100000 100000 100000 100000 100000 100000 100000 
100000 100000 1755 1789 2503 2483 2735 2151 1814 1965 -334 -155 456 658 -78 491 -177 
0 0 100000 466 702 500 702 466 702 2455 628 676 931 749 431 522 428 
0 0 466 100000 500 702 2388 2200 2388 2851 776 863 690 430 743 430 518 
0 0 702 500 100000 466 2200 2388 2851 3450 2566 2698 2493 2132 2380 2130 2216 
0 0 500 702 466 100000 466 702 2455 3156 2453 2496 2730 2386 2130 2222 2129 
0 0 702 2388 2200 466 100000 500 2300 3050 2625 2568 3159 2858 2222 2604 2383 
0 0 466 2200 2388 702 500 100000 500 2300 814 775 2702 2479 530 2155 752 
0 0 702 2388 2851 2455 2300 500 100000 499 563 404 2473 2390 403 2043 636 
0 0 2455 2851 3450 3156 3050 2300 499 100000 685 517 2561 2633 769 2342 875 
0 0 628 776 2566 2453 2625 814 563 685 100000 -321 93 293 -214 -51 -224 
0 0 676 863 2698 2496 2568 775 404 517 -321 100000 257 299 -255 66 -150 
0 0 931 690 2493 2730 3159 2702 2473 2561 93 257 100000 -239 855 426 740 
0 0 749 430 2132 2386 2858 2479 2390 2633 293 299 -239 100000 700 -266 467 
0 0 431 743 2380 2130 2222 530 403 769 -214 -255 855 700 100000 -33 -267 
0 0 522 430 2130 2222 2604 2155 2043 2342 -51 66 426 -266 -33 100000 234 
0 0 428 518 2216 2129 2383 752 636 875 -224 -150 740 467 -267 234 100000 
