NAME : pairopt
TYPE : ACVRP
DIMENSION : 32
EDGE_WEIGHT_TYPE : EXPLICIT
EDGE_WEIGHT_FORMAT : FULL_MATRIX
CAPACITY : 49854
VEHICLES : 2
EDGE_WEIGHT_SECTION
100000 -100000 -100000 100000 100000 100000 100000 100000 100000 100000 100000 100000 100000 100000 100000 100000 100000 100000 100000 100000 100000 100000 100000 100000 100000 100000 100000 100000 100000 100000 100000 100000 
100000 100000 1000000 2915 3121 2476 2177 2201 1777 1551 1636 471 1720 446 1629 1964 313 1814 2483 2931 -78 1755 -155 456 658 1789 -177 2735 491 2503 -334 2151 
100000 1000000 100000 2571 2811 2210 1839 1873 522 447 376 292 -59 -159 -137 1828 -318 1919 2826 2591 1630 2089 409 542 1698 2117 511 3039 924 2844 306 2403 
0 0 0 100000 466 689 500 689 2374 2698 2198 2470 2115 2504 2085 2455 2534 3156 4550 466 3235 3800 2869 3089 3384 3880 3239 4614 3287 4614 2899 3880 
0 0 0 466 100000 500 689 2388 2849 3119 2588 2836 2207 2573 2346 2300 2696 3050 4614 2200 3287 3880 2929 3461 3698 4110 3386 4550 3523 4802 3036 3800 
0 0 0 689 500 100000 466 2200 2474 2656 2150 2344 512 782 737 500 876 2300 3880 2388 2561 3156 2215 2928 3106 3450 2698 3800 2882 4110 2355 3050 
0 0 0 500 689 466 100000 466 737 862 509 718 420 680 400 702 692 2455 3800 702 2488 3050 2123 2440 2696 3156 2492 3880 2561 3880 2150 3156 
0 0 0 689 2388 2200 466 100000 420 671 413 569 730 882 494 2388 838 2851 3880 500 2691 3156 2374 2153 2489 3050 2561 4110 2488 3800 2285 3450 
0 0 0 2374 2849 2474 737 420 100000 251 229 248 700 818 482 2392 677 2641 3398 2117 1037 2709 911 541 774 2504 961 3711 1230 3251 753 3117 
0 0 0 2698 3119 2656 862 671 251 100000 354 234 824 743 607 2425 603 2520 3080 2476 936 2422 836 289 549 2155 834 3440 1008 2899 686 2898 
0 0 0 2198 2588 2150 509 413 229 354 100000 207 473 589 243 2054 448 2365 3316 2101 958 2590 713 641 884 2516 885 3552 1181 3263 662 2909 
0 0 0 2470 2836 2344 718 569 248 234 207 100000 603 580 380 2122 420 2295 3086 2352 821 2378 676 463 696 2253 748 3366 1033 3002 524 2761 
0 0 0 2115 2207 512 420 730 700 824 473 603 100000 261 245 405 361 780 3251 2368 750 2504 505 967 1150 2705 881 3302 1370 3395 595 2576 
0 0 0 2504 2573 782 680 882 818 743 589 580 261 100000 380 400 188 510 2862 2709 490 2117 245 863 1036 2373 616 2919 828 3034 344 2205 
0 0 0 2085 2346 737 400 494 482 607 243 380 245 380 100000 647 343 889 3282 2177 871 2535 626 751 995 2604 797 3426 1606 3331 574 2735 
0 0 0 2455 2300 500 702 2388 2392 2425 2054 2122 405 400 647 100000 585 499 3156 2851 769 2455 517 2561 2633 2851 875 3050 2342 3450 685 2300 
0 0 0 2534 2696 876 692 838 677 603 448 420 361 188 343 585 100000 662 2818 2644 538 2069 293 708 881 2215 506 2959 891 2913 257 2283 
0 0 0 3156 3050 2300 2455 2851 2641 2520 2365 2295 780 510 889 499 662 100000 2455 3450 403 702 404 2473 2390 2388 636 2300 2043 2851 563 500 
0 0 0 4550 4614 3880 3800 3880 3398 3080 3316 3086 3251 2862 3282 3156 2818 2455 100000 4614 2130 500 2496 2730 2386 702 2129 466 2222 466 2453 702 
0 0 0 466 2200 2388 702 500 2117 2476 2101 2352 2368 2709 2177 2851 2644 3450 4614 100000 3381 3880 3038 2893 3236 3800 3288 4802 3236 4550 2988 4110 
0 0 0 3235 3287 2561 2488 2691 1037 936 958 821 750 490 871 769 538 403 2130 3381 100000 431 1045 1091 200 743 232 2222 -33 2380 1075 530 
0 0 0 3800 3880 3156 3050 3156 2709 2422 2590 2378 2504 2117 2535 2455 2069 702 500 3880 431 100000 676 931 749 466 428 702 522 702 628 466 
0 0 0 2869 2929 2215 2123 2374 911 836 713 676 505 245 626 517 293 404 2496 3038 1045 676 100000 257 299 863 349 2568 66 2698 178 775 
0 0 0 3089 3461 2928 2440 2153 541 289 641 463 967 863 751 2561 708 2473 2730 2893 1091 931 257 100000 260 709 740 3159 926 2493 593 2702 
0 0 0 3384 3698 3106 2696 2489 774 549 884 696 1150 1036 995 2633 881 2390 2386 3236 200 749 299 260 100000 430 467 2858 233 2132 1379 2479 
0 0 0 3880 4110 3450 3156 3050 2504 2155 2516 2253 2705 2373 2604 2851 2215 2388 702 3800 743 466 863 709 430 100000 518 2388 430 500 776 2200 
0 0 0 3239 3386 2698 2492 2561 961 834 885 748 881 616 797 875 506 636 2129 3288 232 428 349 740 467 518 100000 2383 -265 2216 251 752 
0 0 0 4614 4550 3800 3880 4110 3711 3440 3552 3366 3302 2919 3426 3050 2959 2300 466 4802 2222 702 2568 3159 2858 2388 2383 100000 2604 2200 2625 500 
0 0 0 3287 3523 2882 2561 2488 1230 1008 1181 1033 1370 828 1606 2342 891 2043 2222 3236 -33 522 66 926 233 430 -265 2604 100000 2130 434 2155 
0 0 0 4614 4802 4110 3880 3800 3251 2899 3263 3002 3395 3034 3331 3450 2913 2851 466 4550 2380 702 2698 2493 2132 500 2216 2200 2130 100000 2566 2388 
0 0 0 2899 3036 2355 2150 2285 753 686 662 524 595 344 574 685 257 563 2453 2988 1075 628 178 593 1379 776 251 2625 434 2566 100000 814 
0 0 0 3880 3800 3050 3156 3450 3117 2898 2909 2761 2576 2205 2735 2300 2283 500 702 4110 530 466 775 2702 2479 2200 752 500 2155 2388 814 100000 
DEMAND_SECTION
1 0
2 0
3 0
4 3966
5 3966
6 3966
7 3966
8 3966
9 977
10 688
11 901
12 33
13 974
14 883
15 809
16 3966
17 80
18 3966
19 3966
20 3966
21 977
22 3966
23 938
24 443
25 977
26 3966
27 961
28 3966
29 976
30 3966
31 316
32 3966
DEPOT_SECTION
1
EOF