NAME : pairopt
TYPE : ACVRP
DIMENSION : 57
EDGE_WEIGHT_TYPE : EXPLICIT
EDGE_WEIGHT_FORMAT : FULL_MATRIX
CAPACITY : 117692
VEHICLES : 2
EDGE_WEIGHT_SECTION
100000 -100000 -100000 100000 100000 100000 100000 100000 100000 100000 100000 100000 100000 100000 100000 100000 100000 100000 100000 100000 100000 100000 100000 100000 100000 100000 100000 100000 100000 100000 100000 100000 100000 100000 100000 100000 100000 100000 100000 100000 100000 100000 100000 100000 100000 100000 100000 100000 100000 100000 100000 100000 100000 100000 100000 100000 100000 
100000 100000 1000000 229 286 80 309 1563 1600 2041 2715 2815 2191 1664 1893 1702 434 333 402 1659 1622 2162 2269 2637 3145 3625 3220 2954 2883 3604 3658 3863 4193 4810 4536 4369 4327 5049 5085 5224 5458 6125 5922 5802 5771 6494 6521 7240 7217 7939 7960 8045 8190 7495 7334 6626 6806 
100000 1000000 100000 1091 985 1051 1176 1671 1576 2083 2752 2951 2368 1865 2138 1978 1677 1295 1595 1929 1913 2449 2550 2878 3346 3864 3487 3243 3172 3894 3949 4142 4452 5081 4820 4661 4616 5339 5377 5512 5736 6408 6211 6094 6062 6784 6813 7532 7507 7730 8253 8336 8479 7782 7625 6916 7091 
0 0 0 100000 1005 1027 1251 1493 1525 2328 3001 3068 2424 1526 1640 1472 1337 1139 1064 1297 1352 2103 2344 2796 3348 3780 3324 2985 2822 3543 3665 3932 4309 4898 4580 4362 4264 4986 5068 5251 5524 6175 5936 5778 5709 6431 6492 7207 7153 7876 7924 8036 8207 7520 7331 6630 6842 
0 0 0 1005 100000 328 554 809 752 2348 3021 3182 2572 1632 1000 918 674 560 519 808 819 2410 2618 3020 3532 4009 3586 3278 3129 3850 3965 4212 4565 5170 4870 4665 4572 5294 5372 5546 5806 6464 6235 6084 6016 6738 6798 7514 7460 8183 8231 8339 8506 7817 7634 6932 7135 
0 0 0 1027 328 100000 225 469 563 1991 2662 2737 2105 563 676 591 354 248 349 581 496 2092 2177 2542 3054 3530 3125 2866 2811 3532 3573 3771 4098 4716 4445 4286 4253 4975 5002 5136 5366 6034 5835 5721 5698 6420 6440 7160 7142 7865 7881 7961 8102 7406 7249 6540 6716 
0 0 0 1251 554 225 100000 243 340 625 2328 2415 725 337 587 485 257 335 558 673 580 2171 2085 2328 2782 3308 2967 2804 2860 3566 3524 3647 3914 4562 4344 4246 4279 4995 4968 5049 5233 5918 5760 5690 5713 6433 6412 7135 7153 7874 7857 7906 8017 7312 7189 6473 6612 
0 0 0 1493 809 469 243 100000 247 371 1969 2079 503 243 483 579 342 573 809 889 676 2338 2084 2157 2517 3103 2849 2801 2973 3650 3521 3557 3750 4426 4271 4243 4345 5050 4964 4988 5118 5818 5706 5687 5759 6472 6409 7131 7187 7904 7854 7867 7945 7233 7146 6426 6523 
0 0 0 1525 752 563 340 247 100000 378 1981 2283 748 488 728 827 587 688 917 1015 921 2651 2450 2511 2811 3434 3212 3169 3314 4002 3890 3924 4098 4782 4639 4612 4703 5411 5334 5357 5478 6181 6076 6056 6123 6837 6779 7501 7553 8271 8224 8237 8312 7599 7516 6796 6888 
0 0 0 2328 2348 1991 625 371 378 100000 450 668 481 495 735 835 706 2101 2424 2563 2285 2777 2395 2245 2395 3070 2968 3070 3354 3990 3768 3690 3768 4476 4413 4476 4657 5341 5188 5136 5188 5903 5859 5903 6036 6737 6621 7339 7443 8152 8058 8027 8058 7339 7304 6581 6621 
0 0 0 3001 3021 2662 2328 1969 1981 450 100000 481 668 2092 2280 2560 2396 2736 3071 3169 2861 3287 2777 2395 2245 2968 3070 3354 3766 4329 3990 3768 3690 4413 4476 4657 4942 5585 5341 5188 5136 5859 5903 6036 6249 6926 6737 7443 7612 8305 8152 8058 8027 7304 7339 6621 6581 
0 0 0 3068 3182 2737 2415 2079 2283 668 481 100000 450 1990 1990 2324 2306 2670 3010 2999 2660 2950 2331 668 481 2245 2395 2777 3287 3766 3354 3070 2968 3690 3768 3990 4329 4942 4657 4476 4413 5136 5188 5341 5585 6249 6036 6737 6926 7612 7443 7339 7304 6581 6621 5903 5859 
0 0 0 2424 2572 2105 725 503 748 481 668 450 100000 384 387 610 605 2000 2338 2327 1990 2331 668 481 668 2395 2245 2395 2777 3354 3070 2968 3070 3768 3690 3768 3990 4657 4476 4413 4476 5188 5136 5188 5341 6036 5903 6621 6737 7443 7339 7304 7339 6621 6581 5859 5903 
0 0 0 1526 1632 563 337 243 488 495 2092 1990 384 100000 239 330 223 477 699 777 550 842 655 742 2285 2810 2506 2440 2638 3302 3160 3206 3430 4093 3916 3881 3991 4692 4603 4632 4776 5472 5349 5325 5400 6112 6047 6769 6827 7543 7492 7508 7592 6882 6788 6068 6174 
0 0 0 1640 1000 676 587 483 728 735 2280 1990 387 239 100000 224 316 567 794 676 449 714 416 503 2099 2533 2167 2083 2328 2966 2801 2856 3116 3761 3563 3522 3646 4342 4244 4276 4435 5125 4992 4966 5047 5758 5688 6410 6471 7187 7133 7150 7239 6530 6430 5711 5825 
0 0 0 1472 918 591 485 579 827 835 2560 2324 610 330 224 100000 232 345 569 451 224 504 417 710 2411 2777 2324 2082 2170 2858 2801 2964 3304 3910 3643 3522 3564 4277 4243 4340 4558 5229 5046 4965 4993 5711 5688 6410 6431 7151 7132 7186 7309 6608 6470 5756 5914 
0 0 0 1337 674 354 257 342 587 706 2396 2306 605 223 316 232 100000 245 485 564 333 747 635 821 2542 3001 2611 2421 2498 3195 3141 3277 3575 4206 3968 3863 3904 4619 4585 4670 4867 5547 5379 5307 5335 6054 6029 6752 6773 7494 7474 7523 7639 6936 6807 6092 6238 
0 0 0 1139 560 248 335 573 688 2101 2736 2670 2000 477 567 345 245 100000 229 343 262 667 754 2294 2871 3275 2817 2510 2440 3160 3209 3436 3801 4396 4098 3919 3882 4603 4634 4781 5031 5690 5475 5351 5326 6048 6070 6790 6770 7493 7510 7595 7745 7051 6885 6178 6366 
0 0 0 1064 519 349 558 809 917 2424 3071 3010 2338 699 794 569 485 229 100000 248 345 657 843 2572 3179 3534 3027 2631 2429 3149 3293 3597 4016 4575 4225 3981 3870 4592 4682 4884 5182 5820 5562 5390 5314 6036 6102 6816 6758 7481 7533 7651 7832 7150 6949 6252 6478 
0 0 0 1297 808 581 673 889 1015 2563 3169 2999 2327 777 676 451 564 343 248 100000 227 415 711 2412 3058 3332 2777 2322 2079 2798 2962 3303 3761 4288 3909 3641 3519 4241 4338 4556 4876 5501 5227 5044 4963 5685 5754 6468 6407 7130 7183 7307 7496 6818 6606 5912 6151 
0 0 0 1352 819 496 580 676 921 2285 2861 2660 1990 550 449 224 333 262 345 227 100000 409 496 2093 2728 3040 2524 2157 2072 2791 2846 3106 3513 4079 3751 3552 3512 4233 4265 4425 4697 5346 5115 4982 4955 5677 5700 6419 6400 7122 7139 7228 7385 6695 6519 5814 6014 
0 0 0 2103 2410 2092 2171 2338 2651 2777 3287 2950 2331 842 714 504 747 667 657 415 409 100000 450 2150 2825 2950 2331 668 481 2245 2395 2777 3287 3766 3354 3070 2968 3690 3768 3990 4329 4942 4657 4476 4413 5136 5188 5903 5859 6581 6621 6737 6926 6249 6036 5341 5585 
0 0 0 2344 2618 2177 2085 2084 2450 2395 2777 2331 668 655 416 417 635 754 843 711 496 450 100000 450 2150 2331 668 481 668 2395 2245 2395 2777 3354 3070 2968 3070 3768 3690 3768 3990 4657 4476 4413 4476 5188 5136 5859 5903 6621 6581 6621 6737 6036 5903 5188 5341 
0 0 0 2796 3020 2542 2328 2157 2511 2245 2395 668 481 742 503 710 821 2294 2572 2412 2093 2150 450 100000 450 668 481 668 2331 2777 2395 2245 2395 3070 2968 3070 3354 3990 3768 3690 3768 4476 4413 4476 4657 5341 5188 5903 6036 6737 6621 6581 6621 5903 5859 5136 5188 
0 0 0 3348 3532 3054 2782 2517 2811 2395 2245 481 668 2285 2099 2411 2542 2871 3179 3058 2728 2825 2150 450 100000 481 668 2331 2950 3287 2777 2395 2245 2968 3070 3354 3766 4329 3990 3768 3690 4413 4476 4657 4942 5585 5341 6036 6249 6926 6737 6621 6581 5859 5903 5188 5136 
0 0 0 3780 4009 3530 3308 3103 3434 3070 2968 2245 2395 2810 2533 2777 3001 3275 3534 3332 3040 2950 2331 668 481 100000 450 2150 2825 2950 2331 668 481 2245 2395 2777 3287 3766 3354 3070 2968 3690 3768 3990 4329 4942 4657 5341 5585 6249 6036 5903 5859 5136 5188 4476 4413 
0 0 0 3324 3586 3125 2967 2849 3212 2968 3070 2395 2245 2506 2167 2324 2611 2817 3027 2777 2524 2331 668 481 668 450 100000 450 2150 2331 668 481 668 2395 2245 2395 2777 3354 3070 2968 3070 3768 3690 3768 3990 4657 4476 5188 5341 6036 5903 5859 5903 5188 5136 4413 4476 
0 0 0 2985 3278 2866 2804 2801 3169 3070 3354 2777 2395 2440 2083 2082 2421 2510 2631 2322 2157 668 481 668 2331 2150 450 100000 449 668 481 668 2331 2777 2395 2245 2395 3070 2968 3070 3354 3990 3768 3690 3768 4476 4413 5136 5188 5903 5859 5903 6036 5341 5188 4476 4657 
0 0 0 2822 3129 2811 2860 2973 3314 3354 3766 3287 2777 2638 2328 2170 2498 2440 2429 2079 2072 481 668 2331 2950 2825 2150 449 100000 481 668 2331 2950 3287 2777 2395 2245 2968 3070 3354 3766 4329 3990 3768 3690 4413 4476 5188 5136 5859 5903 6036 6249 5585 5341 4657 4942 
0 0 0 3543 3850 3532 3566 3650 4002 3990 4329 3766 3354 3302 2966 2858 3195 3160 3149 2798 2791 2245 2395 2777 3287 2950 2331 668 481 100000 450 2150 2825 2950 2331 668 481 2245 2395 2777 3287 3766 3354 3070 2968 3690 3768 4476 4413 5136 5188 5341 5585 4942 4657 3990 4329 
0 0 0 3665 3965 3573 3524 3521 3890 3768 3990 3354 3070 3160 2801 2801 3141 3209 3293 2962 2846 2395 2245 2395 2777 2331 668 481 668 450 100000 450 2150 2331 668 481 668 2395 2245 2395 2777 3354 3070 2968 3070 3768 3690 4413 4476 5188 5136 5188 5341 4657 4476 3768 3990 
0 0 0 3932 4212 3771 3647 3557 3924 3690 3768 3070 2968 3206 2856 2964 3277 3436 3597 3303 3106 2777 2395 2245 2395 668 481 668 2331 2150 450 100000 450 668 481 668 2331 2777 2395 2245 2395 3070 2968 3070 3354 3990 3768 4476 4657 5341 5188 5136 5188 4476 4413 3690 3768 
0 0 0 4309 4565 4098 3914 3750 4098 3768 3690 2968 3070 3430 3116 3304 3575 3801 4016 3761 3513 3287 2777 2395 2245 481 668 2331 2950 2825 2150 450 100000 481 668 2331 2950 3287 2777 2395 2245 2968 3070 3354 3766 4329 3990 4657 4942 5585 5341 5188 5136 4413 4476 3768 3690 
0 0 0 4898 5170 4716 4562 4426 4782 4476 4413 3690 3768 4093 3761 3910 4206 4396 4575 4288 4079 3766 3354 3070 2968 2245 2395 2777 3287 2950 2331 668 481 100000 450 2150 2825 2950 2331 668 481 2245 2395 2777 3287 3766 3354 3990 4329 4942 4657 4476 4413 3690 3768 3070 2968 
0 0 0 4580 4870 4445 4344 4271 4639 4413 4476 3768 3690 3916 3563 3643 3968 4098 4225 3909 3751 3354 3070 2968 3070 2395 2245 2395 2777 2331 668 481 668 450 100000 450 2150 2331 668 481 668 2395 2245 2395 2777 3354 3070 3768 3990 4657 4476 4413 4476 3768 3690 2968 3070 
0 0 0 4362 4665 4286 4246 4243 4612 4476 4657 3990 3768 3881 3522 3522 3863 3919 3981 3641 3552 3070 2968 3070 3354 2777 2395 2245 2395 668 481 668 2331 2150 450 100000 449 668 481 668 2331 2777 2395 2245 2395 3070 2968 3690 3768 4476 4413 4476 4657 3990 3768 3070 3354 
0 0 0 4264 4572 4253 4279 4345 4703 4657 4942 4329 3990 3991 3646 3564 3904 3882 3870 3519 3512 2968 3070 3354 3766 3287 2777 2395 2245 481 668 2331 2950 2825 2150 449 100000 481 668 2331 2950 3287 2777 2395 2245 2968 3070 3768 3690 4413 4476 4657 4942 4329 3990 3354 3766 
0 0 0 4986 5294 4975 4995 5050 5411 5341 5585 4942 4657 4692 4342 4277 4619 4603 4592 4241 4233 3690 3768 3990 4329 3766 3354 3070 2968 2245 2395 2777 3287 2950 2331 668 481 100000 450 2150 2825 2950 2331 668 481 2245 2395 3070 2968 3690 3768 3990 4329 3766 3354 2777 3287 
0 0 0 5068 5372 5002 4968 4964 5334 5188 5341 4657 4476 4603 4244 4243 4585 4634 4682 4338 4265 3768 3690 3768 3990 3354 3070 2968 3070 2395 2245 2395 2777 2331 668 481 668 450 100000 450 2150 2331 668 481 668 2395 2245 2968 3070 3768 3690 3768 3990 3354 3070 2395 2777 
0 0 0 5251 5546 5136 5049 4988 5357 5136 5188 4476 4413 4632 4276 4340 4670 4781 4884 4556 4425 3990 3768 3690 3768 3070 2968 3070 3354 2777 2395 2245 2395 668 481 668 2331 2150 450 100000 450 668 481 668 2331 2777 2395 3070 3354 3990 3768 3690 3768 3070 2968 2245 2395 
0 0 0 5524 5806 5366 5233 5118 5478 5188 5136 4413 4476 4776 4435 4558 4867 5031 5182 4876 4697 4329 3990 3768 3690 2968 3070 3354 3766 3287 2777 2395 2245 481 668 2331 2950 2825 2150 450 100000 481 668 2331 2950 3287 2777 3354 3766 4329 3990 3768 3690 2968 3070 2395 2245 
0 0 0 6175 6464 6034 5918 5818 6181 5903 5859 5136 5188 5472 5125 5229 5547 5690 5820 5501 5346 4942 4657 4476 4413 3690 3768 3990 4329 3766 3354 3070 2968 2245 2395 2777 3287 2950 2331 668 481 100000 450 2150 2825 2950 2331 2777 3287 3766 3354 3070 2968 2245 2395 668 481 
0 0 0 5936 6235 5835 5760 5706 6076 5859 5903 5188 5136 5349 4992 5046 5379 5475 5562 5227 5115 4657 4476 4413 4476 3768 3690 3768 3990 3354 3070 2968 3070 2395 2245 2395 2777 2331 668 481 668 450 100000 450 2150 2331 668 2395 2777 3354 3070 2968 3070 2395 2245 481 668 
0 0 0 5778 6084 5721 5690 5687 6056 5903 6036 5341 5188 5325 4966 4965 5307 5351 5390 5044 4982 4476 4413 4476 4657 3990 3768 3690 3768 3070 2968 3070 3354 2777 2395 2245 2395 668 481 668 2331 2150 450 100000 449 668 481 2245 2395 3070 2968 3070 3354 2777 2395 668 2331 
0 0 0 5709 6016 5698 5713 5759 6123 6036 6249 5585 5341 5400 5047 4993 5335 5326 5314 4963 4955 4413 4476 4657 4942 4329 3990 3768 3690 2968 3070 3354 3766 3287 2777 2395 2245 481 668 2331 2950 2825 2150 449 100000 481 668 2395 2245 2968 3070 3354 3766 3287 2777 2331 2950 
0 0 0 6431 6738 6420 6433 6472 6837 6737 6926 6249 6036 6112 5758 5711 6054 6048 6036 5685 5677 5136 5188 5341 5585 4942 4657 4476 4413 3690 3768 3990 4329 3766 3354 3070 2968 2245 2395 2777 3287 2950 2331 668 481 100000 450 668 481 2245 2395 2777 3287 2950 2331 2150 2825 
0 0 0 6492 6798 6440 6412 6409 6779 6621 6737 6036 5903 6047 5688 5688 6029 6070 6102 5754 5700 5188 5136 5188 5341 4657 4476 4413 4476 3768 3690 3768 3990 3354 3070 2968 3070 2395 2245 2395 2777 2331 668 481 668 450 100000 481 668 2395 2245 2395 2777 2331 668 450 2150 
0 0 0 7207 7514 7160 7135 7131 7501 7339 7443 6737 6621 6769 6410 6410 6752 6790 6816 6468 6419 5903 5859 5903 6036 5341 5188 5136 5188 4476 4413 4476 4657 3990 3768 3690 3768 3070 2968 3070 3354 2777 2395 2245 2395 668 481 100000 449 668 481 668 2331 2150 450 668 2331 
0 0 0 7153 7460 7142 7153 7187 7553 7443 7612 6926 6737 6827 6471 6431 6773 6770 6758 6407 6400 5859 5903 6036 6249 5585 5341 5188 5136 4413 4476 4657 4942 4329 3990 3768 3690 2968 3070 3354 3766 3287 2777 2395 2245 481 668 449 100000 481 668 2331 2950 2825 2150 2331 2950 
0 0 0 7876 8183 7865 7874 7904 8271 8152 8305 7612 7443 7543 7187 7151 7494 7493 7481 7130 7122 6581 6621 6737 6926 6249 6036 5903 5859 5136 5188 5341 5585 4942 4657 4476 4413 3690 3768 3990 4329 3766 3354 3070 2968 2245 2395 668 481 100000 450 2150 2825 2950 2331 2777 3287 
0 0 0 7924 8231 7881 7857 7854 8224 8058 8152 7443 7339 7492 7133 7132 7474 7510 7533 7183 7139 6621 6581 6621 6737 6036 5903 5859 5903 5188 5136 5188 5341 4657 4476 4413 4476 3768 3690 3768 3990 3354 3070 2968 3070 2395 2245 481 668 450 100000 450 2150 2331 668 2395 2777 
0 0 0 8036 8339 7961 7906 7867 8237 8027 8058 7339 7304 7508 7150 7186 7523 7595 7651 7307 7228 6737 6621 6581 6621 5903 5859 5903 6036 5341 5188 5136 5188 4476 4413 4476 4657 3990 3768 3690 3768 3070 2968 3070 3354 2777 2395 668 2331 2150 450 100000 450 668 481 2245 2395 
0 0 0 8207 8506 8102 8017 7945 8312 8058 8027 7304 7339 7592 7239 7309 7639 7745 7832 7496 7385 6926 6737 6621 6581 5859 5903 6036 6249 5585 5341 5188 5136 4413 4476 4657 4942 4329 3990 3768 3690 2968 3070 3354 3766 3287 2777 2331 2950 2825 2150 450 100000 481 668 2395 2245 
0 0 0 7520 7817 7406 7312 7233 7599 7339 7304 6581 6621 6882 6530 6608 6936 7051 7150 6818 6695 6249 6036 5903 5859 5136 5188 5341 5585 4942 4657 4476 4413 3690 3768 3990 4329 3766 3354 3070 2968 2245 2395 2777 3287 2950 2331 2150 2825 2950 2331 668 481 100000 450 668 481 
0 0 0 7331 7634 7249 7189 7146 7516 7304 7339 6621 6581 6788 6430 6470 6807 6885 6949 6606 6519 6036 5903 5859 5903 5188 5136 5188 5341 4657 4476 4413 4476 3768 3690 3768 3990 3354 3070 2968 3070 2395 2245 2395 2777 2331 668 450 2150 2331 668 481 668 450 100000 481 668 
0 0 0 6630 6932 6540 6473 6426 6796 6581 6621 5903 5859 6068 5711 5756 6092 6178 6252 5912 5814 5341 5188 5136 5188 4476 4413 4476 4657 3990 3768 3690 3768 3070 2968 3070 3354 2777 2395 2245 2395 668 481 668 2331 2150 450 668 2331 2777 2395 2245 2395 668 481 100000 450 
0 0 0 6842 7135 6716 6612 6523 6888 6621 6581 5859 5903 6174 5825 5914 6238 6366 6478 6151 6014 5585 5341 5188 5136 4413 4476 4657 4942 4329 3990 3768 3690 2968 3070 3354 3766 3287 2777 2395 2245 481 668 2331 2950 2825 2150 2331 2950 3287 2777 2395 2245 481 668 450 100000 
DEMAND_SECTION
1 0
2 0
3 0
4 599
5 399
6 624
7 482
8 757
9 819
10 3685
11 3685
12 3685
13 3685
14 885
15 897
16 897
17 550
18 446
19 403
20 882
21 841
22 3685
23 3685
24 3685
25 3685
26 3685
27 3685
28 3685
29 3685
30 3685
31 3685
32 3685
33 3685
34 3685
35 3685
36 3685
37 3685
38 3685
39 3685
40 3685
41 3685
42 3685
43 3685
44 3685
45 3685
46 3685
47 3685
48 3685
49 3685
50 3685
51 3685
52 3685
53 3685
54 3685
55 3685
56 3685
57 3685
DEPOT_SECTION
1
EOF